6.883937272190063239e-02
5.602416239985201774e-01
3.243537450218449414e-01
5.848447829111173835e-02
4.175517631427108078e-01
1.239023807567076890e-01
9.872933054100159200e-01
2.519612509135564227e-01
4.193340659262345671e-02
2.304127210724678243e-01
8.128857749990615611e-01
6.210078789622201084e-02
1.540195478206456414e-01
2.117166513048777399e-01
8.635066076855523187e-01
5.148282265251145906e-02
2.490627124570496953e-01
4.584875785217671917e-01
8.721957239096185255e-01
1.621044780415444031e-01
2.106486045220893333e-01
3.454002193711521590e-02
2.882705238518092350e-01
5.169235313706296298e-01
1.162629711705087387e-01
3.715151804920884260e-01
2.952958704905689347e-01
2.485324575056250054e-02
2.175873285120859951e-02
1.384153359172600184e-01
3.369385957066946269e-02
8.888053277546546782e-02
3.196613427152850129e-02
2.665703443298295117e-01
8.088768495802266534e-01
4.777425571715208097e-01
6.244027967651524791e-02
7.427454205485547467e-01
1.283801225900417786e-01
4.311938944833186571e-02
2.877462502924831300e-01
6.862624637447340969e-01
8.814429929952076470e-02
9.594477591390281057e-02
7.572640015444287442e-01
3.472130695899863090e-02
2.258390393794532935e-01
7.910966305587789626e-02
6.193535640963246380e-02
3.649412180473803891e-01
9.452745880556393532e-01
2.546063673622523948e-01
8.967044614478919540e-01
5.992444832232904917e-01
6.328756586138578610e-01
9.332731042839006452e-01
4.622048027975222961e-01
4.023340062650376248e-01
6.403028259088134888e-01
8.162532757289409080e-01
8.167173501458349083e-01
7.061522998874839585e-01
1.867620570345350228e-01
9.125370429465669009e-01
8.545579620364825990e-01
7.976761831496926858e-01
7.882652657760820247e-01
8.869606653396259199e-01
4.725732048558303200e-01
8.451869202898151245e-01
9.642785741984865044e-01
3.772555961944621949e-01
6.645312261205994497e-01
5.553966726827981315e-01
7.811332493201130767e-01
9.052159131313423091e-01
8.830093959024407635e-01
6.446565862441956396e-01
9.507066988048298306e-01
3.103460926138636444e-01
1.659922431925723030e-01
9.924846098399421335e-01
8.283642094570997649e-01
9.169060653881599965e-01
6.180552885921337669e-01
8.433156151845175863e-01
8.267252943901912676e-01
6.781729877784864469e-01
7.441550823592972819e-01
9.697712341815528658e-01
3.006864592199104402e-01
6.045700836567257097e-01
5.720228145250316754e-01
6.429795392108867969e-01
7.547487765921461200e-01
6.889427896822285513e-01
7.382742697227890893e-01
7.189431605869582853e-01
9.430509415648385962e-01
5.091865690887616980e-01
