1.848306893780244653e-01
1.192450720634081474e-01
1.189712929491869992e-01
1.211500653827106699e-01
9.467679615567088369e-01
9.174531328984786294e-01
3.078596142630970478e-01
9.128486165393003005e-03
2.257177104594696726e-01
1.869369193967629905e-01
1.696035565707873782e-01
1.180880901474081618e-01
8.282027591121142729e-01
9.060882433036192285e-02
8.550646715511770468e-01
3.836658433300588894e-02
2.879826077937052697e-01
1.517927009833686669e-01
2.689205888778689602e-01
6.145884920302775029e-02
1.429994316902480356e-01
2.214818521096811044e-01
1.207313504432915713e-01
4.368658930077165548e-02
2.179432525311119917e-01
2.188780971228496686e-01
3.747429602706337515e-01
9.524493890575795596e-02
9.641411146109173103e-02
1.135007819455976230e-01
4.103868992253471015e-01
5.778125545351316950e-01
6.733223636827448400e-02
1.820762115212608834e-01
7.256597699452761729e-02
2.904645814219327660e-01
3.636137762747835844e-01
2.802502511413160757e-01
1.026729874708122991e-01
1.749777607179149944e-02
2.265624627102295618e-01
6.747018088376027789e-02
2.002202322923616884e-01
3.132809662606834689e-01
8.817433075682991339e-02
2.200508297993056528e-01
2.528357819551935171e-01
3.614023538979879019e-02
1.414444893343294873e-01
1.551589317912080435e-01
9.328551289882009989e-01
7.366555390631301936e-01
7.835301566609518265e-01
8.623647513262207021e-01
5.896458689607454451e-01
8.485572502130921402e-01
9.129889411090916784e-01
6.715611693869896204e-01
6.505000945937833290e-01
9.569874909625065706e-01
8.985210274633921301e-01
4.193474059242893737e-01
9.779993334920199510e-01
6.778968996109349110e-01
5.147011927578285517e-01
9.799013148168052023e-01
9.536337851019002221e-01
8.127704321897626372e-01
9.030667569405493866e-01
4.248884043880199468e-01
6.252247593330084730e-01
4.761907478278689099e-01
3.454961967297788816e-01
9.851965884042054311e-01
2.578541695526709310e-01
8.494738723163919314e-01
8.250470913467059519e-01
7.255325389972318018e-01
8.268815094811070299e-02
7.655216678135736696e-01
7.584590954516281514e-01
8.919152259858218468e-01
8.956204013609360137e-01
9.635357530538806170e-01
7.657068368156239035e-01
9.554915251733808734e-01
9.957761445775151765e-01
4.074284287812934835e-01
9.813931154087276454e-01
8.999501103416945869e-01
7.374370200581815693e-01
4.914270057263271929e-01
5.685515870484446621e-01
8.607610299618260186e-01
2.179965721502827303e-01
9.490646173230828930e-01
8.922801692024195930e-01
6.728473112913667675e-01
8.266722101639305542e-01
9.794470916086714940e-01
