8.474023750231415852e-02
4.331907101775078206e-01
2.300569905114885350e-01
6.397622329455575352e-02
4.268604590069614568e-01
1.804906222925135584e-01
9.992316539681598275e-01
1.846212304026919881e-01
4.724724749326612155e-02
3.048410903761517021e-01
8.030913841346466464e-01
6.578476786467296611e-02
2.563473996681529532e-01
1.808510156730646357e-01
9.245971567498506571e-01
6.281385980955866977e-02
2.214088479332092796e-01
3.280048770073132336e-01
7.859501476048522672e-01
1.800021065357377825e-01
2.483600137989301904e-01
4.653865950090493170e-02
2.072543706816213083e-01
3.846624622308189578e-01
1.195109431212542511e-01
3.141307883535754408e-01
3.948796186719160106e-01
3.655262675093235575e-02
3.285305566260583732e-02
1.305670120307268478e-01
4.870703715454439281e-02
8.629901062692316160e-02
4.249041663846472167e-02
2.362620750910116307e-01
7.402335930873594760e-01
3.767916838687904169e-01
7.560991536359767951e-02
5.089602739426408728e-01
1.084937320287714113e-01
5.081445774223809081e-02
2.487842216319714195e-01
4.655135110669416654e-01
8.430630109587099186e-02
9.946349303724805191e-02
8.908682162940003701e-01
4.483457727011935096e-02
1.764096604970437632e-01
8.896150241960601446e-02
7.338704298986264973e-02
2.602521532133501569e-01
9.993828860819010673e-01
2.050370541782225442e-01
9.989851769938170589e-01
4.198582214073962038e-01
8.175650813010412188e-01
8.969132461862653338e-01
6.756420188885537970e-01
5.674634680958760002e-01
6.348908380291631293e-01
9.322341038351724674e-01
8.174894744751975972e-01
8.169898917377839132e-01
1.858923493066433619e-01
8.791528534520737237e-01
9.508085265828652988e-01
6.698708486251453431e-01
8.144569691888310370e-01
9.966275021723540739e-01
3.922371221508599848e-01
9.326735534701657837e-01
9.729062018309576620e-01
3.221493559661889328e-01
6.282786873665398009e-01
4.435850917896444479e-01
7.902435432000565196e-01
9.853838878028706727e-01
7.370290922727928962e-01
4.942911025808399694e-01
9.763100735272600694e-01
2.607471756345940972e-01
1.645126976277909714e-01
9.996682952192519345e-01
9.536691726784196632e-01
9.262556303004252367e-01
5.212682954721716833e-01
8.653689910581442435e-01
7.997745772724564883e-01
6.467067215195331231e-01
7.425415720830605970e-01
9.998089871948732110e-01
2.462344014018155725e-01
6.901351918960948462e-01
6.689651504941693805e-01
7.740118891436428283e-01
8.157383874850415717e-01
5.444353271652563331e-01
5.382150010986017641e-01
7.141112483284205448e-01
9.958692879820797428e-01
4.266227400952811166e-01
