1.861047830655766511e-01
1.230932897575027218e-01
1.218097062375767814e-01
1.238737784932566061e-01
9.448269759650956834e-01
9.157873823346236453e-01
3.102084800485261362e-01
9.574806108997710105e-03
2.286006675256665455e-01
1.903920721929605042e-01
1.708503770655767084e-01
1.214248415082061355e-01
8.254734656219079314e-01
9.272028888841092609e-02
8.505970568786510588e-01
4.045842130963632488e-02
2.925007936353354876e-01
1.521542224657875531e-01
2.718319821238101563e-01
6.350598904865342731e-02
1.461452923190640629e-01
2.220487441982452181e-01
1.227656960924476404e-01
4.521536121723659929e-02
2.223483119920460216e-01
2.233455914136801834e-01
3.791310668528007355e-01
9.899158569884837500e-02
9.939326309905020806e-02
1.160649244649836487e-01
4.126605679590956144e-01
5.830988597654140904e-01
7.093557913554686400e-02
1.859945415001547642e-01
7.474674584873194916e-02
2.909881455923964966e-01
3.646678396528793553e-01
2.817769961302373227e-01
1.048543746701080942e-01
1.853263910586756477e-02
2.295696815490905485e-01
6.891270947589483997e-02
2.039512545177061820e-01
3.164133155324564961e-01
9.002476196187392254e-02
2.247337791797462403e-01
2.571748745699368732e-01
3.752453661069654611e-02
1.421358046147637999e-01
1.579225738830297432e-01
9.309778150140544106e-01
7.349177809028624164e-01
7.822619902297275329e-01
8.582301429637879675e-01
5.862231914184155013e-01
8.440580227204512731e-01
9.087599829120635020e-01
6.668457263106520871e-01
6.500503038563560931e-01
9.559639937628597872e-01
8.952430964500185384e-01
4.230439209166722558e-01
9.769285285393873863e-01
6.745437537861114219e-01
5.099141885376156091e-01
9.790824769070525235e-01
9.517951128618897805e-01
8.114961222920017425e-01
9.012256224414910699e-01
4.221220255969546642e-01
6.246473419748663769e-01
4.784748936150262644e-01
3.515879498703607942e-01
9.844866847215258954e-01
2.585242107776063447e-01
8.455739500444960921e-01
8.233727437014149997e-01
7.239753933624863969e-01
8.479959605717418691e-02
7.622471209729773101e-01
7.525379496167584614e-01
8.893441155318512203e-01
8.921532356234912475e-01
9.619238369048286330e-01
7.655568719724358262e-01
9.541478226811813679e-01
9.954763247252580438e-01
4.099920704169665586e-01
9.805744287252774471e-01
8.966209786979129071e-01
7.343840726264725394e-01
4.907740781629553184e-01
5.641380878089292672e-01
8.599042351373586968e-01
2.201231832585035242e-01
9.470441996648989447e-01
8.900704926727065480e-01
6.724186894757007149e-01
8.263064272203137772e-01
9.784145531780654714e-01
