1.365284206958168600e-01
2.358467099658585688e-04
3.702688842309227615e-05
9.068846028451755528e-05
2.788556504073321039e-04
2.542734994930228969e-03
7.366989732162641281e-04
1.010045487020891971e-07
7.328207412873979140e-04
6.121218036072858954e-06
1.482519706129991949e-04
3.940234931286990807e-04
2.375851192009057530e-03
4.539415368896643687e-04
7.177451301621855749e-06
8.907754666078129824e-02
3.063936051434524026e-05
2.059988120247014152e-05
2.555317532414563483e-03
2.365393432852140281e-06
1.075703969284935347e-06
1.090872309831531850e-03
6.220093973374508922e-04
1.377881913775425883e-02
2.359559885351090227e-07
7.362388007211504791e-08
3.342523745645627133e-05
1.911770497089716053e-02
2.374019918466283943e-05
9.266207273157177626e-01
5.139138402698009180e-03
4.118348430605176652e-05
1.442092055111937741e-06
1.937916181009836599e-05
6.403973814982213096e-03
1.446571236863698371e-03
3.589644095140265279e-02
4.406773148320733968e-01
6.483923015580615029e-05
1.634830767535681414e-05
1.326433309181302648e-03
3.545140437564922050e-05
3.185515647046047614e-06
3.883989800963726785e-03
7.516179368345827800e-05
4.596032208590412199e-03
3.829524359004877519e-06
4.919844416893134190e-08
2.313819256167030892e-04
9.546693800133619900e-01
1.647742607319575272e-03
3.235043852200292919e-02
1.282555357804810684e-05
1.771379121374385161e-03
1.789875185694959903e-02
1.098894017933458024e-06
6.977645846655180627e-04
9.447493039131869786e-04
1.462531367649482026e-03
1.512003264009169172e-04
4.631557501740067692e-04
3.752281317091951381e-05
1.036412626394788978e-07
9.970767721916306003e-01
9.685165790660464902e-01
7.973591416243522856e-01
7.763688000314820092e-01
9.920649127120976241e-01
9.413653334087036528e-01
9.995018522400821448e-01
9.999515365079990614e-01
9.985600729205528214e-01
9.967260956267012251e-01
9.795090879154915164e-01
9.950567183380822911e-01
7.437242046137308993e-01
9.813442540392136593e-01
9.778913329330526372e-01
9.983267736132697134e-01
5.146886920370502549e-01
9.919266809233744375e-01
9.999538715201171657e-01
9.984379184623662917e-01
9.917901398503817800e-01
9.590441710143750020e-01
6.587858685225295163e-01
9.879895519869249521e-01
9.959285795297971866e-01
9.998053712800160087e-01
9.821204321509753310e-01
7.986384137920350401e-01
9.919731314208541928e-01
9.546619939222783513e-01
9.951705732436174623e-01
9.489073427973511166e-01
9.997937359375524968e-01
9.984741543022819243e-01
9.213561546869017960e-01
9.996517113439451485e-01
9.993030924335922771e-01
9.998282729268340718e-01
9.837087680092778674e-01
9.780811270281641878e-01
9.992231421102464317e-01
6.832984432168981437e-01
9.860807046121550234e-01
9.722214508741907624e-01
9.983022872183979768e-01
9.257300169344268026e-01
9.168342374659923522e-01
9.992963792574589554e-01
8.690130650044896043e-01
9.913661456114686299e-01
9.085350815519207535e-01
5.360070578590383494e-01
9.934534864173173441e-01
9.990416420223561245e-01
9.006269862465513532e-01
9.991623821113754245e-01
9.863603710684593073e-01
9.636131061663480990e-01
9.892836117124926831e-01
9.049080119609939077e-01
9.988732810731120182e-01
9.997378625391040163e-01
2.366425564427728778e-01
